35,9
35,8
0,515
0,514
0,513
0,512
0,511
30,4
30,1
30,3
0,510
0,509
29,1
29,3
27,5
26,4
26,1
26,3
0,508
0,474
28,4
28,5
28,1
28,3
27,1
27,3
25,5
37,35
14,5
10,134
10,176
10,98
10,72
10,186
10,100
10,8
10,284
11,5
11,15
11,21
11,16
11,18
11,7
8,14
8,9
8,12
0,318
35,7
35,6
35,5
35,4
35,3
35,2
35,1
35,0
34,5
34,4
34,3
34,2
34,1
34,0
33,19
33,18
33,17
33,16
33,15
33,14
33,13
33,12
33,11
33,10
33,9
33,8
33,7
33,6
33,5
33,4
33,3
33,2
33,1
33,0
32,4
32,3
32,2
32,1
32,0
31,8
31,7
31,6
31,5
31,4
31,3
31,2
31,1
31,0
25,4
25,3
25,1
24,4
24,3
24,1
20,3
20,2
20,1
19,3
19,2
19,1
12,3
12,2
12,1
11,26
11,25
11,24
11,23
11,17
11,13
11,12
